865
4610
0 1
1 2
1 6
1 14
1 85
1 115
1 162
1 180
1 192
1 204
1 219
1 233
1 267
1 278
1 328
1 358
1 371
1 430
1 452
1 466
1 479
1 587
1 596
1 606
1 617
1 654
1 664
1 729
1 798
1 859
1 103
1 80
1 56
1 209
1 826
1 852
1 837
1 325
1 480
1 724
1 809
1 676
1 679
1 696
1 648
1 635
1 546
1 550
1 572
1 557
1 48
1 510
1 804
1 786
1 775
1 750
1 387
1 409
1 422
1 62
1 256
1 261
1 305
1 134
1 152
2 10
2 81
2 89
2 141
2 168
2 186
2 192
2 199
2 204
2 212
2 219
2 225
2 233
2 240
2 267
2 272
2 278
2 287
2 327
2 340
2 351
2 364
2 369
2 374
2 379
2 442
2 451
2 455
2 465
2 473
2 478
2 560
2 585
2 591
2 595
2 601
2 605
2 611
2 616
2 621
2 652
2 658
2 663
2 708
2 713
2 732
2 758
2 841
2 858
2 119
2 105
2 99
2 90
2 77
2 73
2 245
2 230
2 40
2 827
2 832
2 853
2 846
2 864
2 339
2 334
2 384
2 485
2 443
2 726
2 718
2 810
2 628
2 69
2 673
2 682
2 704
2 697
2 716
2 649
2 645
2 636
2 491
2 547
2 543
2 552
2 577
2 573
2 566
2 624
2 492
2 498
2 47
2 500
2 36
2 766
2 794
2 787
2 782
2 777
2 801
2 751
2 746
2 389
2 402
2 393
2 404
2 423
2 418
2 414
2 382
2 257
2 253
2 262
2 313
2 306
2 318
2 53
2 130
2 173
3 6
3 10
3 14
3 81
3 85
3 89
3 115
3 141
3 162
3 168
3 180
3 186
3 192
3 199
3 204
3 212
3 219
3 225
3 233
3 240
3 267
3 272
3 278
3 287
3 327
3 340
3 351
3 364
3 369
3 374
3 379
3 442
3 451
3 455
3 465
3 473
3 478
3 560
3 585
3 591
3 595
3 601
3 605
3 611
3 616
3 621
3 652
3 658
3 663
3 708
3 713
3 732
3 758
3 841
3 858
3 119
3 105
3 99
3 90
3 77
3 73
3 245
3 230
3 40
3 827
3 832
3 853
3 846
3 864
3 339
3 334
3 384
3 485
3 443
3 726
3 718
3 810
3 628
3 69
3 673
3 682
3 704
3 697
3 716
3 649
3 645
3 636
3 491
3 547
3 543
3 552
3 577
3 573
3 566
3 624
3 804
3 67
3 786
3 780
3 775
3 66
3 750
3 745
3 387
3 401
3 409
3 64
3 422
3 432
3 62
3 57
3 256
3 251
3 261
3 312
3 305
3 297
3 134
3 145
3 152
4 8
4 12
4 16
4 83
4 87
4 112
4 117
4 143
4 165
4 174
4 183
4 190
4 196
4 201
4 208
4 215
4 222
4 229
4 236
4 264
4 270
4 276
4 282
4 290
4 329
4 344
4 360
4 366
4 372
4 377
4 437
4 446
4 453
4 460
4 467
4 476
4 481
4 583
4 588
4 593
4 598
4 603
4 608
4 613
4 619
4 640
4 655
4 660
4 680
4 711
4 730
4 734
4 807
4 856
4 861
5 9
5 13
5 39
5 84
5 88
5 113
5 139
5 159
5 166
5 175
5 185
5 191
5 197
5 202
5 210
5 217
5 224
5 232
5 239
5 266
5 271
5 277
5 283
5 323
5 331
5 349
5 362
5 368
5 373
5 378
5 441
5 448
5 454
5 463
5 472
5 477
5 482
5 584
5 589
5 594
5 599
5 604
5 610
5 615
5 620
5 651
5 656
5 662
5 707
5 712
5 731
5 735
5 808
5 857
5 73
6 10
6 14
6 81
6 85
6 89
6 115
6 141
6 162
6 168
6 180
6 186
6 192
6 199
6 204
6 212
6 219
6 225
6 233
6 240
6 267
6 272
6 278
6 287
6 327
6 340
6 351
6 364
6 369
6 374
6 379
6 442
6 451
6 455
6 465
6 473
6 478
6 560
6 585
6 591
6 595
6 601
6 605
6 611
6 616
6 621
6 652
6 658
6 663
6 708
6 713
6 732
6 758
6 841
6 858
6 73
7 11
7 15
7 82
7 86
7 91
7 116
7 142
7 163
7 170
7 182
7 187
7 193
7 200
7 207
7 214
7 220
7 227
7 234
7 241
7 268
7 274
7 280
7 288
7 328
7 342
7 358
7 365
7 371
7 376
7 430
7 445
7 452
7 458
7 466
7 474
7 479
7 579
7 587
7 592
7 596
7 602
7 606
7 612
7 617
7 638
7 654
7 659
7 664
7 709
7 729
7 733
7 798
7 855
7 859
7 73
8 12
8 16
8 83
8 87
8 112
8 117
8 143
8 165
8 174
8 183
8 190
8 196
8 201
8 208
8 215
8 222
8 229
8 236
8 264
8 270
8 276
8 282
8 290
8 329
8 344
8 360
8 366
8 372
8 377
8 437
8 446
8 453
8 460
8 467
8 476
8 481
8 583
8 588
8 593
8 598
8 603
8 608
8 613
8 619
8 640
8 655
8 660
8 680
8 711
8 730
8 734
8 807
8 856
8 861
8 73
9 13
9 39
9 84
9 88
9 113
9 139
9 159
9 166
9 175
9 185
9 191
9 197
9 202
9 210
9 217
9 224
9 232
9 239
9 266
9 271
9 277
9 283
9 323
9 331
9 349
9 362
9 368
9 373
9 378
9 441
9 448
9 454
9 463
9 472
9 477
9 482
9 584
9 589
9 594
9 599
9 604
9 610
9 615
9 620
9 651
9 656
9 662
9 707
9 712
9 731
9 735
9 808
9 857
9 77
9 73
10 14
10 81
10 85
10 89
10 115
10 141
10 162
10 168
10 180
10 186
10 192
10 199
10 204
10 212
10 219
10 225
10 233
10 240
10 267
10 272
10 278
10 287
10 327
10 340
10 351
10 364
10 369
10 374
10 379
10 442
10 451
10 455
10 465
10 473
10 478
10 560
10 585
10 591
10 595
10 601
10 605
10 611
10 616
10 621
10 652
10 658
10 663
10 708
10 713
10 732
10 758
10 841
10 858
10 77
10 73
11 15
11 82
11 86
11 91
11 116
11 142
11 163
11 170
11 182
11 187
11 193
11 200
11 207
11 214
11 220
11 227
11 234
11 241
11 268
11 274
11 280
11 288
11 328
11 342
11 358
11 365
11 371
11 376
11 430
11 445
11 452
11 458
11 466
11 474
11 479
11 579
11 587
11 592
11 596
11 602
11 606
11 612
11 617
11 638
11 654
11 659
11 664
11 709
11 729
11 733
11 798
11 855
11 859
11 209
11 109
11 90
11 80
11 76
11 339
11 65
11 443
12 16
12 83
12 87
12 112
12 117
12 143
12 165
12 174
12 183
12 190
12 196
12 201
12 208
12 215
12 222
12 229
12 236
12 264
12 270
12 276
12 282
12 290
12 329
12 344
12 360
12 366
12 372
12 377
12 437
12 446
12 453
12 460
12 467
12 476
12 481
12 583
12 588
12 593
12 598
12 603
12 608
12 613
12 619
12 640
12 655
12 660
12 680
12 711
12 730
12 734
12 807
12 856
12 861
12 56
12 95
12 108
12 79
12 75
12 338
12 384
12 461
13 39
13 84
13 88
13 113
13 139
13 159
13 166
13 175
13 185
13 191
13 197
13 202
13 210
13 217
13 224
13 232
13 239
13 266
13 271
13 277
13 283
13 323
13 331
13 349
13 362
13 368
13 373
13 378
13 441
13 448
13 454
13 463
13 472
13 477
13 482
13 584
13 589
13 594
13 599
13 604
13 610
13 615
13 620
13 651
13 656
13 662
13 707
13 712
13 731
13 735
13 808
13 857
13 242
13 55
13 238
13 105
13 78
13 74
13 336
13 41
14 16
14 83
14 87
14 112
14 117
14 143
14 165
14 174
14 183
14 190
14 196
14 201
14 208
14 215
14 222
14 229
14 236
14 264
14 270
14 276
14 282
14 290
14 329
14 344
14 360
14 366
14 372
14 377
14 437
14 446
14 453
14 460
14 467
14 476
14 481
14 583
14 588
14 593
14 598
14 603
14 608
14 613
14 619
14 640
14 655
14 660
14 680
14 711
14 730
14 734
14 807
14 856
14 861
14 56
14 95
14 108
14 79
14 75
14 337
14 43
15 39
15 84
15 88
15 113
15 139
15 159
15 166
15 175
15 185
15 191
15 197
15 202
15 210
15 217
15 224
15 232
15 239
15 266
15 271
15 277
15 283
15 323
15 331
15 349
15 362
15 368
15 373
15 378
15 441
15 448
15 454
15 463
15 472
15 477
15 482
15 584
15 589
15 594
15 599
15 604
15 610
15 615
15 620
15 651
15 656
15 662
15 707
15 712
15 731
15 735
15 808
15 857
15 242
15 55
15 238
15 105
15 78
15 74
15 43
16 81
16 85
16 89
16 115
16 141
16 162
16 168
16 180
16 186
16 192
16 199
16 204
16 212
16 219
16 225
16 233
16 240
16 267
16 272
16 278
16 287
16 327
16 340
16 351
16 364
16 369
16 374
16 379
16 442
16 451
16 455
16 465
16 473
16 478
16 560
16 585
16 591
16 595
16 601
16 605
16 611
16 616
16 621
16 652
16 658
16 663
16 708
16 713
16 732
16 758
16 841
16 858
16 78
16 74
16 209
16 109
16 90
16 80
16 41
17 20
17 24
17 28
17 32
17 37
17 42
17 46
17 50
17 54
17 58
17 62
17 66
17 70
17 74
17 78
17 95
17 100
17 106
17 121
17 134
17 173
17 230
17 251
17 256
17 262
17 302
17 307
17 314
17 334
17 339
17 356
17 387
17 400
17 405
17 418
17 423
17 432
17 461
17 487
17 496
17 504
17 510
17 525
17 541
17 545
17 550
17 564
17 569
17 575
17 626
17 631
17 641
17 646
17 657
17 673
17 679
17 693
17 698
17 705
17 722
17 739
17 747
17 754
17 766
17 775
17 780
17 786
17 794
17 804
17 825
17 830
17 844
17 849
17 117
17 112
17 88
17 84
17 241
17 234
17 227
17 220
17 214
17 207
17 200
17 193
17 187
17 182
17 859
17 855
17 331
17 323
17 478
17 473
17 465
17 455
17 451
17 442
17 733
17 729
17 713
17 708
17 662
17 656
17 651
17 621
17 616
17 611
17 605
17 601
17 595
17 591
17 585
17 798
17 351
17 377
17 372
17 366
17 360
17 287
17 278
17 272
17 267
17 142
17 170
17 163
18 19
18 23
18 27
18 31
18 36
18 41
18 45
18 49
18 53
18 57
18 61
18 65
18 69
18 73
18 77
18 90
18 99
18 105
18 119
18 133
18 152
18 209
18 245
18 255
18 261
18 297
18 306
18 313
18 325
18 338
18 353
18 385
18 397
18 404
18 414
18 422
18 431
18 444
18 486
18 494
18 501
18 508
18 521
18 539
18 544
18 549
18 562
18 567
18 574
18 624
18 630
18 636
18 645
18 649
18 672
18 676
18 689
18 697
18 704
18 721
18 728
18 746
18 751
18 765
18 772
18 779
18 785
18 790
18 803
18 823
18 829
18 842
18 847
18 864
19 23
19 27
19 31
19 36
19 41
19 45
19 49
19 53
19 57
19 61
19 65
19 69
19 73
19 77
19 90
19 99
19 105
19 119
19 133
19 152
19 209
19 245
19 255
19 261
19 297
19 306
19 313
19 325
19 338
19 353
19 385
19 397
19 404
19 414
19 422
19 431
19 444
19 486
19 494
19 501
19 508
19 521
19 539
19 544
19 549
19 562
19 567
19 574
19 624
19 630
19 636
19 645
19 649
19 672
19 676
19 689
19 697
19 704
19 721
19 728
19 746
19 751
19 765
19 772
19 779
19 785
19 790
19 803
19 823
19 829
19 842
19 847
19 864
20 23
20 27
20 31
20 36
20 41
20 45
20 49
20 53
20 57
20 61
20 65
20 69
20 73
20 77
20 90
20 99
20 105
20 119
20 133
20 152
20 209
20 245
20 255
20 261
20 297
20 306
20 313
20 325
20 338
20 353
20 385
20 397
20 404
20 414
20 422
20 431
20 444
20 486
20 494
20 501
20 508
20 521
20 539
20 544
20 549
20 562
20 567
20 574
20 624
20 630
20 636
20 645
20 649
20 672
20 676
20 689
20 697
20 704
20 721
20 728
20 746
20 751
20 765
20 772
20 779
20 785
20 790
20 803
20 823
20 829
20 842
20 847
20 864
21 23
21 27
21 31
21 36
21 41
21 45
21 49
21 53
21 57
21 61
21 65
21 69
21 73
21 77
21 90
21 99
21 105
21 119
21 133
21 152
21 209
21 245
21 255
21 261
21 297
21 306
21 313
21 325
21 338
21 353
21 385
21 397
21 404
21 414
21 422
21 431
21 444
21 486
21 494
21 501
21 508
21 521
21 539
21 544
21 549
21 562
21 567
21 574
21 624
21 630
21 636
21 645
21 649
21 672
21 676
21 689
21 697
21 704
21 721
21 728
21 746
21 751
21 765
21 772
21 779
21 785
21 790
21 803
21 823
21 829
21 842
21 847
21 864
22 23
22 27
22 31
22 36
22 41
22 45
22 49
22 53
22 57
22 61
22 65
22 69
22 73
22 77
22 90
22 99
22 105
22 119
22 133
22 152
22 209
22 245
22 255
22 261
22 297
22 306
22 313
22 325
22 338
22 353
22 385
22 397
22 404
22 414
22 422
22 431
22 444
22 486
22 494
22 501
22 508
22 521
22 539
22 544
22 549
22 562
22 567
22 574
22 624
22 630
22 636
22 645
22 649
22 672
22 676
22 689
22 697
22 704
22 721
22 728
22 746
22 751
22 765
22 772
22 779
22 785
22 790
22 803
22 823
22 829
22 842
22 847
22 864
22 81
23 27
23 31
23 36
23 41
23 45
23 49
23 53
23 57
23 61
23 65
23 69
23 73
23 77
23 90
23 99
23 105
23 119
23 133
23 152
23 209
23 245
23 255
23 261
23 297
23 306
23 313
23 325
23 338
23 353
23 385
23 397
23 404
23 414
23 422
23 431
23 444
23 486
23 494
23 501
23 508
23 521
23 539
23 544
23 549
23 562
23 567
23 574
23 624
23 630
23 636
23 645
23 649
23 672
23 676
23 689
23 697
23 704
23 721
23 728
23 746
23 751
23 765
23 772
23 779
23 785
23 790
23 803
23 823
23 829
23 842
23 847
23 864
23 82
24 27
24 31
24 36
24 41
24 45
24 49
24 53
24 57
24 61
24 65
24 69
24 73
24 77
24 90
24 99
24 105
24 119
24 133
24 152
24 209
24 245
24 255
24 261
24 297
24 306
24 313
24 325
24 338
24 353
24 385
24 397
24 404
24 414
24 422
24 431
24 444
24 486
24 494
24 501
24 508
24 521
24 539
24 544
24 549
24 562
24 567
24 574
24 624
24 630
24 636
24 645
24 649
24 672
24 676
24 689
24 697
24 704
24 721
24 728
24 746
24 751
24 765
24 772
24 779
24 785
24 790
24 803
24 823
24 829
24 842
24 847
24 864
24 83
25 27
25 31
25 36
25 41
25 45
25 49
25 53
25 57
25 61
25 65
25 69
25 73
25 77
25 90
25 99
25 105
25 119
25 133
25 152
25 209
25 245
25 255
25 261
25 297
25 306
25 313
25 325
25 338
25 353
25 385
25 397
25 404
25 414
25 422
25 431
25 444
25 486
25 494
25 501
25 508
25 521
25 539
25 544
25 549
25 562
25 567
25 574
25 624
25 630
25 636
25 645
25 649
25 672
25 676
25 689
25 697
25 704
25 721
25 728
25 746
25 751
25 765
25 772
25 779
25 785
25 790
25 803
25 823
25 829
25 842
25 847
25 864
25 84
26 27
26 31
26 36
26 41
26 45
26 49
26 53
26 57
26 61
26 65
26 69
26 73
26 77
26 90
26 99
26 105
26 119
26 133
26 152
26 209
26 245
26 255
26 261
26 297
26 306
26 313
26 325
26 338
26 353
26 385
26 397
26 404
26 414
26 422
26 431
26 444
26 486
26 494
26 501
26 508
26 521
26 539
26 544
26 549
26 562
26 567
26 574
26 624
26 630
26 636
26 645
26 649
26 672
26 676
26 689
26 697
26 704
26 721
26 728
26 746
26 751
26 765
26 772
26 779
26 785
26 790
26 803
26 823
26 829
26 842
26 847
26 864
26 85
26 81
27 31
27 36
27 41
27 45
27 49
27 53
27 57
27 61
27 65
27 69
27 73
27 77
27 90
27 99
27 105
27 119
27 133
27 152
27 209
27 245
27 255
27 261
27 297
27 306
27 313
27 325
27 338
27 353
27 385
27 397
27 404
27 414
27 422
27 431
27 444
27 486
27 494
27 501
27 508
27 521
27 539
27 544
27 549
27 562
27 567
27 574
27 624
27 630
27 636
27 645
27 649
27 672
27 676
27 689
27 697
27 704
27 721
27 728
27 746
27 751
27 765
27 772
27 779
27 785
27 790
27 803
27 823
27 829
27 842
27 847
27 864
27 193
27 86
27 82
28 31
28 36
28 41
28 45
28 49
28 53
28 57
28 61
28 65
28 69
28 73
28 77
28 90
28 99
28 105
28 119
28 133
28 152
28 209
28 245
28 255
28 261
28 297
28 306
28 313
28 325
28 338
28 353
28 385
28 397
28 404
28 414
28 422
28 431
28 444
28 486
28 494
28 501
28 508
28 521
28 539
28 544
28 549
28 562
28 567
28 574
28 624
28 630
28 636
28 645
28 649
28 672
28 676
28 689
28 697
28 704
28 721
28 728
28 746
28 751
28 765
28 772
28 779
28 785
28 790
28 803
28 823
28 829
28 842
28 847
28 864
28 193
28 86
28 82
29 32
29 37
29 42
29 46
29 50
29 54
29 58
29 62
29 66
29 70
29 74
29 78
29 95
29 100
29 106
29 121
29 134
29 173
29 230
29 251
29 256
29 262
29 302
29 307
29 314
29 334
29 339
29 356
29 387
29 400
29 405
29 418
29 423
29 432
29 461
29 487
29 496
29 504
29 510
29 525
29 541
29 545
29 550
29 564
29 569
29 575
29 626
29 631
29 641
29 646
29 657
29 673
29 679
29 693
29 698
29 705
29 722
29 739
29 747
29 754
29 766
29 775
29 780
29 786
29 794
29 804
29 825
29 830
29 844
29 849
29 192
29 89
29 85
29 81
30 34
30 40
30 44
30 48
30 52
30 56
30 60
30 64
30 68
30 72
30 76
30 80
30 98
30 103
30 109
30 132
30 145
30 205
30 242
30 254
30 258
30 292
30 305
30 312
30 321
30 337
30 347
30 384
30 393
30 402
30 409
30 421
30 428
30 443
30 485
30 492
30 500
30 507
30 518
30 534
30 543
30 547
30 557
30 566
30 573
30 577
30 628
30 635
30 644
30 648
30 670
30 675
30 684
30 696
30 703
30 718
30 726
30 745
30 750
30 761
30 771
30 778
30 784
30 789
30 801
30 810
30 827
30 837
30 846
30 853
30 112
30 87
30 83
31 33
31 38
31 43
31 47
31 51
31 55
31 59
31 63
31 67
31 71
31 75
31 79
31 96
31 102
31 108
31 130
31 137
31 188
31 238
31 253
31 257
31 285
31 304
31 309
31 318
31 336
31 345
31 382
31 389
31 401
31 407
31 420
31 425
31 435
31 480
31 491
31 498
31 506
31 513
31 530
31 542
31 546
31 552
31 565
31 572
31 576
31 627
31 633
31 642
31 647
31 665
31 674
31 682
31 695
31 700
31 716
31 724
31 743
31 748
31 756
31 768
31 777
31 782
31 787
31 796
31 809
31 826
31 832
31 845
31 852
31 91
31 88
31 84
32 33
32 38
32 43
32 47
32 51
32 55
32 59
32 63
32 67
32 71
32 75
32 79
32 96
32 102
32 108
32 130
32 137
32 188
32 238
32 253
32 257
32 285
32 304
32 309
32 318
32 336
32 345
32 382
32 389
32 401
32 407
32 420
32 425
32 435
32 480
32 491
32 498
32 506
32 513
32 530
32 542
32 546
32 552
32 565
32 572
32 576
32 627
32 633
32 642
32 647
32 665
32 674
32 682
32 695
32 700
32 716
32 724
32 743
32 748
32 756
32 768
32 777
32 782
32 787
32 796
32 809
32 826
32 832
32 845
32 852
32 91
32 88
32 84
33 52
33 109
33 55
33 54
33 79
33 75
33 137
34 134
34 95
34 55
34 54
34 79
34 75
34 102
36 506
36 77
36 73
37 209
37 109
37 90
37 80
37 76
37 40
38 54
38 41
38 102
38 77
38 73
38 530
38 48
39 117
39 112
39 87
39 83
39 192
39 186
39 180
40 54
40 242
40 102
40 77
40 73
40 827
40 832
40 853
40 846
40 864
40 339
40 334
40 384
40 485
40 443
40 726
40 718
40 810
40 628
40 69
40 673
40 682
40 704
40 697
40 716
40 649
40 645
40 636
40 491
40 546
40 542
40 550
40 576
40 572
40 565
40 557
40 530
40 48
40 501
40 804
40 67
40 786
40 780
40 775
40 66
40 750
40 745
40 387
40 401
40 409
40 64
40 422
40 432
40 62
40 57
40 256
40 251
40 261
40 312
40 305
40 297
41 55
41 238
41 102
41 77
41 73
41 65
41 461
41 45
41 722
41 765
41 487
41 626
41 675
41 670
41 70
41 700
41 695
41 665
41 647
41 642
41 633
41 71
41 544
41 539
41 72
41 574
41 567
41 562
41 766
41 794
41 787
41 782
41 777
41 801
41 751
41 746
41 389
41 402
41 393
41 404
41 423
41 418
41 414
41 242
42 384
42 109
42 43
42 718
42 78
42 74
42 810
42 804
42 67
42 786
42 780
42 775
42 66
42 750
42 745
43 65
43 56
43 95
43 105
43 78
43 74
43 480
43 739
43 724
43 765
43 67
43 786
43 780
43 775
43 66
43 750
43 745
43 63
43 397
43 407
43 428
43 421
43 431
44 334
44 95
44 102
44 77
44 73
44 790
44 785
44 779
44 724
44 718
45 65
45 54
45 90
45 102
45 77
45 73
45 743
46 334
46 54
46 397
46 63
46 80
46 76
46 409
46 64
46 422
46 432
46 90
47 80
47 76
47 510
47 513
48 102
48 77
48 73
49 90
49 79
49 75
50 209
50 546
50 542
50 238
50 80
50 76
50 552
50 577
50 573
50 566
50 624
51 56
51 95
51 827
51 108
51 79
51 75
51 830
51 852
51 845
51 837
52 132
52 56
52 53
52 80
52 76
52 145
52 108
53 95
53 108
53 105
53 78
53 74
53 173
54 55
54 108
54 79
54 75
54 242
54 205
54 827
54 832
54 853
54 846
54 864
54 339
54 334
54 65
54 461
54 728
54 721
54 809
54 627
54 676
54 672
54 679
54 703
54 696
54 689
54 648
54 644
54 635
54 71
54 544
54 539
54 72
54 574
54 567
54 562
54 766
54 794
54 787
54 782
54 777
54 801
54 751
54 746
54 389
54 401
54 409
54 64
54 422
54 432
54 62
54 57
54 256
54 251
54 261
54 312
54 305
54 297
54 130
54 137
55 109
55 105
55 78
55 74
55 238
55 188
55 826
55 830
55 852
55 845
55 837
55 338
55 325
55 486
55 444
55 718
55 402
55 393
55 404
55 423
55 418
55 414
55 382
55 257
55 253
55 262
55 313
55 306
55 318
55 132
55 145
56 109
56 105
56 78
56 74
56 238
56 188
56 826
56 830
56 852
56 845
56 837
56 338
56 325
56 486
56 444
56 724
56 389
56 401
56 409
56 64
56 422
56 432
56 62
56 57
56 256
56 251
56 261
56 312
56 305
56 297
56 130
56 137
57 257
57 95
57 251
57 108
57 79
57 75
57 285
57 314
57 307
57 302
58 257
58 95
58 251
58 90
58 79
58 75
58 285
58 314
58 307
58 302
59 313
59 256
59 255
59 314
59 108
59 79
59 75
59 238
60 825
60 242
60 102
60 77
60 73
60 61
60 847
60 842
61 852
61 109
61 823
61 90
61 80
61 76
61 864
62 209
62 353
62 102
62 77
62 73
63 384
63 95
63 238
63 105
63 78
63 74
63 405
63 425
63 420
63 435
64 405
64 384
64 95
64 425
64 105
64 78
64 74
64 435
65 209
65 90
65 80
65 76
65 486
65 444
65 726
65 718
65 768
65 796
65 789
65 784
65 778
65 771
65 754
65 747
65 761
65 397
65 407
65 425
65 420
65 435
66 334
66 756
66 724
66 79
66 75
66 238
67 772
67 109
67 90
67 79
67 75
68 676
68 334
68 674
68 238
68 80
68 76
68 684
68 705
68 698
68 693
69 675
69 209
69 673
69 676
69 79
69 75
69 682
69 704
69 697
69 716
70 703
70 626
70 95
70 670
70 108
70 78
70 74
71 109
71 544
71 539
71 90
71 78
71 74
71 549
71 575
71 569
71 564
71 108
72 573
72 109
72 544
72 539
72 108
72 78
72 74
73 121
73 106
73 100
73 95
73 78
73 74
73 230
73 321
73 823
73 853
73 846
73 864
73 339
73 334
73 486
73 444
73 726
73 718
73 487
73 626
73 673
73 682
73 703
73 696
73 689
73 648
73 644
73 635
73 547
73 543
73 552
73 576
73 572
73 565
73 557
73 530
73 525
73 500
73 518
73 804
73 790
73 785
73 779
73 772
73 754
73 747
73 761
73 401
73 409
73 428
73 421
73 431
73 353
73 256
73 251
73 261
73 309
73 304
73 134
73 145
74 121
74 106
74 100
74 95
74 78
74 245
74 209
74 827
74 832
74 852
74 845
74 837
74 338
74 325
74 485
74 443
74 724
74 765
74 630
74 676
74 672
74 679
74 700
74 695
74 665
74 647
74 642
74 633
74 546
74 542
74 550
74 575
74 569
74 564
74 496
74 534
74 506
74 510
74 513
74 803
74 789
74 784
74 778
74 771
74 751
74 746
74 389
74 400
74 407
74 425
74 420
74 435
74 382
74 255
74 292
74 314
74 307
74 302
74 133
74 137
75 119
75 105
75 99
75 90
75 77
75 238
75 188
75 825
75 829
75 847
75 842
75 345
75 336
75 384
75 461
75 728
75 721
75 809
75 627
75 674
75 684
75 704
75 697
75 716
75 649
75 645
75 636
75 491
75 544
75 539
75 577
75 573
75 566
75 624
75 492
75 521
75 501
75 507
75 766
75 794
75 786
75 780
75 775
75 756
75 748
75 743
75 402
75 393
75 404
75 422
75 432
75 356
75 257
75 253
75 262
75 312
75 305
75 297
75 130
75 152
76 108
76 102
76 96
76 79
76 242
76 205
76 826
76 830
76 849
76 844
76 347
76 337
76 385
76 480
76 739
76 722
76 810
76 628
76 675
76 670
76 705
76 698
76 693
76 657
76 646
76 641
76 631
76 545
76 541
76 549
76 574
76 567
76 562
76 494
76 498
76 504
76 508
76 768
76 796
76 787
76 782
76 777
76 801
76 750
76 745
76 387
76 397
76 405
76 423
76 418
76 414
76 258
76 254
76 285
76 313
76 306
76 318
76 132
76 173
77 109
77 103
77 98
77 80
77 242
77 205
77 826
77 830
77 849
77 844
77 347
77 337
77 385
77 480
77 739
77 722
77 810
77 628
77 675
77 670
77 705
77 698
77 693
77 657
77 646
77 641
77 631
77 545
77 541
77 549
77 574
77 567
77 562
77 494
77 498
77 504
77 508
77 768
77 796
77 787
77 782
77 777
77 801
77 750
77 745
77 387
77 397
77 405
77 423
77 418
77 414
77 258
77 254
77 285
77 313
77 306
77 318
77 132
77 173
78 109
78 103
78 98
78 80
78 238
78 188
78 825
78 829
78 847
78 842
78 345
78 336
78 384
78 461
78 728
78 721
78 809
78 627
78 674
78 684
78 704
78 697
78 716
78 649
78 645
78 636
78 491
78 544
78 539
78 577
78 573
78 566
78 624
78 492
78 521
78 501
78 507
78 766
78 794
78 786
78 780
78 775
78 756
78 748
78 743
78 402
78 393
78 404
78 422
78 432
78 356
78 257
78 253
78 262
78 312
78 305
78 297
78 130
78 152
79 108
79 102
79 96
79 245
79 209
79 827
79 832
79 852
79 845
79 837
79 338
79 325
79 485
79 443
79 724
79 765
79 630
79 676
79 672
79 679
79 700
79 695
79 665
79 647
79 642
79 633
79 546
79 542
79 550
79 575
79 569
79 564
79 496
79 534
79 506
79 510
79 513
79 803
79 789
79 784
79 778
79 771
79 751
79 746
79 389
79 400
79 407
79 425
79 420
79 435
79 382
79 255
79 292
79 314
79 307
79 302
79 133
79 137
80 119
80 105
80 99
80 90
80 230
80 321
80 823
80 853
80 846
80 864
80 339
80 334
80 486
80 444
80 726
80 718
80 487
80 626
80 673
80 682
80 703
80 696
80 689
80 648
80 644
80 635
80 547
80 543
80 552
80 576
80 572
80 565
80 557
80 530
80 525
80 500
80 518
80 804
80 790
80 785
80 779
80 772
80 754
80 747
80 761
80 401
80 409
80 428
80 421
80 431
80 353
80 256
80 251
80 261
80 309
80 304
80 134
80 145
81 117
81 112
81 87
81 83
81 239
81 232
81 224
81 217
81 210
81 202
81 197
81 191
81 185
81 841
81 857
81 342
81 328
81 481
81 476
81 467
81 460
81 453
81 446
81 735
81 731
81 807
81 711
81 664
81 659
81 654
81 638
81 619
81 613
81 608
81 603
81 598
81 593
81 588
81 583
81 430
81 379
81 374
81 369
81 364
81 290
81 282
81 276
81 270
81 264
81 139
81 166
81 174
82 115
82 89
82 85
82 240
82 233
82 225
82 219
82 212
82 204
82 199
82 192
82 186
82 180
82 858
82 344
82 329
82 482
82 477
82 472
82 463
82 454
82 448
82 441
82 732
82 808
82 712
82 707
82 660
82 655
82 640
82 620
82 615
82 610
82 604
82 599
82 594
82 589
82 584
82 758
82 349
82 376
82 371
82 365
82 358
82 283
82 277
82 271
82 266
82 141
82 168
82 162
83 116
83 91
83 86
83 240
83 233
83 225
83 219
83 212
83 204
83 199
83 192
83 186
83 180
83 858
83 344
83 329
83 482
83 477
83 472
83 463
83 454
83 448
83 441
83 732
83 808
83 712
83 707
83 660
83 655
83 640
83 620
83 615
83 610
83 604
83 599
83 594
83 589
83 584
83 758
83 349
83 376
83 371
83 365
83 358
83 283
83 277
83 271
83 266
83 141
83 168
83 162
84 116
84 91
84 86
84 239
84 232
84 224
84 217
84 210
84 202
84 197
84 191
84 185
84 841
84 857
84 342
84 328
84 481
84 476
84 467
84 460
84 453
84 446
84 735
84 731
84 807
84 711
84 664
84 659
84 654
84 638
84 619
84 613
84 608
84 603
84 598
84 593
84 588
84 583
84 430
84 379
84 374
84 369
84 364
84 290
84 282
84 276
84 270
84 264
84 139
84 166
84 174
85 115
85 89
85 241
85 234
85 227
85 220
85 214
85 207
85 200
85 193
85 187
85 182
85 859
85 855
85 331
85 323
85 478
85 473
85 465
85 455
85 451
85 442
85 733
85 729
85 713
85 708
85 662
85 656
85 651
85 621
85 616
85 611
85 605
85 601
85 595
85 591
85 585
85 798
85 351
85 377
85 372
85 366
85 360
85 287
85 278
85 272
85 267
85 142
85 170
85 163
86 117
86 112
86 87
86 236
86 229
86 222
86 215
86 208
86 201
86 196
86 190
86 183
86 861
86 856
86 340
86 327
86 479
86 474
86 466
86 458
86 452
86 445
86 734
86 730
86 680
86 709
86 663
86 658
86 652
86 560
86 617
86 612
86 606
86 602
86 596
86 592
86 587
86 579
86 437
86 378
86 373
86 368
86 362
86 288
86 280
86 274
86 268
86 143
86 159
86 165
86 175
87 113
87 88
87 236
87 229
87 222
87 215
87 208
87 201
87 196
87 190
87 183
87 861
87 856
87 340
87 327
87 479
87 474
87 466
87 458
87 452
87 445
87 734
87 730
87 680
87 709
87 663
87 658
87 652
87 560
87 617
87 612
87 606
87 602
87 596
87 592
87 587
87 579
87 437
87 378
87 373
87 368
87 362
87 288
87 280
87 274
87 268
87 143
87 159
87 165
87 175
88 113
88 241
88 234
88 227
88 220
88 214
88 207
88 200
88 193
88 187
88 182
88 859
88 855
88 331
88 323
88 478
88 473
88 465
88 455
88 451
88 442
88 733
88 729
88 713
88 708
88 662
88 656
88 651
88 621
88 616
88 611
88 605
88 601
88 595
88 591
88 585
88 798
88 351
88 377
88 372
88 366
88 360
88 287
88 278
88 272
88 267
88 142
88 170
88 163
89 117
89 112
89 239
89 232
89 224
89 217
89 210
89 202
89 197
89 191
89 185
89 841
89 857
89 342
89 328
89 481
89 476
89 467
89 460
89 453
89 446
89 735
89 731
89 807
89 711
89 664
89 659
89 654
89 638
89 619
89 613
89 608
89 603
89 598
89 593
89 588
89 583
89 430
89 379
89 374
89 369
89 364
89 290
89 282
89 276
89 270
89 264
89 139
89 166
89 174
90 109
90 103
90 98
90 242
90 205
90 826
90 830
90 849
90 844
90 347
90 337
90 385
90 480
90 739
90 722
90 810
90 628
90 675
90 670
90 705
90 698
90 693
90 657
90 646
90 641
90 631
90 545
90 541
90 549
90 574
90 567
90 562
90 494
90 498
90 804
90 790
90 785
90 779
90 772
90 754
90 747
90 761
90 401
90 409
90 428
90 421
90 431
90 353
90 256
90 251
90 261
90 309
90 304
90 134
90 145
91 117
91 112
91 236
91 229
91 222
91 215
91 208
91 201
91 196
91 190
91 183
91 861
91 856
91 340
91 327
91 287
91 278
91 272
91 267
91 142
91 170
91 163
95 121
95 106
95 100
95 245
95 209
95 827
95 832
95 852
95 845
95 837
95 338
95 325
95 485
95 443
95 724
95 765
95 630
95 676
95 672
95 679
95 700
95 695
95 665
95 647
95 642
95 633
95 546
95 542
95 550
95 575
95 569
95 564
95 492
95 803
95 789
95 784
95 778
95 771
95 751
95 746
95 389
95 400
95 407
95 425
95 420
95 435
95 382
95 255
95 292
95 314
95 307
95 302
95 133
95 137
98 121
98 106
98 100
98 132
102 119
102 105
102 238
102 188
102 825
102 829
102 847
102 842
102 345
102 336
102 384
102 461
102 728
102 721
102 809
102 627
102 674
102 684
102 704
102 697
102 716
102 649
102 645
102 636
102 491
102 544
102 539
102 577
102 573
102 566
102 624
102 492
102 521
102 501
102 507
102 766
102 794
102 786
102 780
102 775
102 756
102 748
102 743
102 402
102 393
102 404
102 422
102 432
102 356
102 257
102 253
102 262
102 312
102 305
102 297
102 130
102 152
105 109
105 242
105 205
105 826
105 830
105 849
105 844
105 347
105 337
105 385
105 443
105 401
105 409
105 428
105 421
105 431
105 353
105 256
105 251
105 261
105 309
105 304
105 134
105 145
108 121
108 242
108 205
108 826
108 830
108 849
108 844
108 347
108 337
108 385
108 480
108 739
108 722
108 810
108 628
108 675
108 670
108 705
108 698
108 693
108 657
108 646
108 641
108 631
108 545
108 541
108 549
108 574
108 567
108 562
108 494
108 498
108 504
108 766
108 794
108 786
108 780
108 775
108 756
108 748
108 743
108 402
108 393
108 404
108 422
108 432
108 356
108 257
108 253
108 262
108 312
108 305
108 297
108 130
108 152
109 242
109 205
109 826
109 830
109 849
109 844
109 347
109 337
109 385
109 480
109 739
109 722
109 810
109 628
109 675
109 670
109 705
109 698
109 693
109 657
109 646
109 641
109 631
109 545
109 541
109 549
109 574
109 567
109 562
109 766
109 794
109 786
109 780
109 775
109 756
109 748
109 743
109 402
109 393
109 404
109 422
109 432
109 356
109 257
109 253
109 262
109 312
109 305
109 297
109 130
109 152
112 113
112 236
112 229
112 222
112 215
112 208
112 201
112 196
112 190
112 183
112 861
112 856
112 340
112 327
112 479
112 474
112 466
112 458
112 452
112 445
112 734
112 730
112 680
112 709
112 663
112 658
112 652
112 560
112 617
112 612
112 606
112 602
112 596
112 592
112 587
112 579
112 437
112 378
112 373
112 368
112 362
112 288
112 280
112 274
112 268
112 143
112 159
112 165
112 175
113 143
113 159
113 165
113 175
117 141
117 168
117 162
130 134
130 137
132 133
132 152
133 173
134 173
139 143
139 170
139 163
141 142
143 166
143 174
159 166
159 174
168 170
187 190
192 239
192 232
192 224
192 217
192 210
192 202
192 197
192 861
192 856
192 340
192 327
192 379
192 374
192 369
192 364
192 290
192 282
192 276
192 270
192 264
193 236
193 229
193 222
193 215
193 208
193 201
193 196
193 858
193 344
193 329
193 476
193 467
193 460
193 453
193 446
193 430
193 379
193 374
193 369
193 364
193 290
193 282
193 276
193 270
193 264
209 245
209 321
209 823
209 853
209 846
209 864
209 339
209 334
209 486
209 444
209 726
209 718
209 487
209 626
209 673
209 682
209 703
209 696
209 689
209 648
209 644
209 635
209 547
209 543
209 552
209 576
209 572
209 565
209 557
209 803
209 789
209 784
209 778
209 771
209 751
209 746
209 389
209 400
209 407
209 425
209 420
209 435
209 382
209 255
209 292
209 314
209 307
209 302
215 217
236 240
238 321
238 823
238 853
238 846
238 864
238 339
238 334
238 486
238 444
238 726
238 718
238 487
238 626
238 673
238 682
238 703
238 696
238 689
238 648
238 644
238 635
238 547
238 543
238 552
238 576
238 572
238 565
238 557
238 803
238 789
238 784
238 778
238 771
238 751
238 746
238 389
238 400
238 407
238 425
238 420
238 435
238 382
238 255
238 292
238 314
238 307
238 302
242 321
242 823
242 853
242 846
242 864
242 339
242 334
242 382
242 255
242 292
242 314
242 307
242 302
251 257
251 253
251 261
251 309
251 304
253 258
253 254
253 261
253 309
253 304
254 258
254 292
254 314
254 307
254 302
255 257
255 262
255 312
255 305
255 297
256 285
256 313
256 306
256 318
257 285
257 313
257 306
257 318
258 262
258 312
258 305
258 297
261 313
261 306
262 292
262 302
266 277
266 271
267 268
268 271
271 287
271 278
271 272
272 283
272 277
278 288
278 280
309 314
312 314
313 318
334 347
334 337
334 486
334 444
334 726
334 718
334 487
334 626
334 673
334 682
334 703
334 696
334 689
334 804
334 790
334 785
334 779
334 772
334 754
334 747
334 761
334 401
334 409
334 428
334 421
334 431
334 353
336 337
340 342
349 378
349 373
349 368
349 362
351 378
351 373
351 368
351 362
353 382
358 366
358 360
368 371
373 374
384 480
384 739
384 722
384 810
384 804
384 790
384 785
384 779
384 772
384 754
384 747
384 761
384 401
384 409
384 428
384 421
384 431
387 393
393 397
393 404
393 422
393 432
397 402
397 407
397 425
397 420
397 435
400 409
400 428
400 421
400 431
401 409
401 428
401 421
401 431
402 407
402 425
402 420
402 435
404 405
404 422
404 432
405 407
405 422
405 432
407 421
421 422
425 435
441 446
443 461
465 466
492 496
498 525
501 510
501 513
506 518
521 525
539 545
539 541
539 577
539 573
539 566
539 624
541 545
541 552
541 576
541 572
541 565
541 557
542 544
542 549
542 574
542 567
542 562
543 546
543 550
543 575
543 569
543 564
544 547
544 550
544 575
544 569
544 564
545 547
545 549
545 574
545 567
545 562
546 552
546 576
546 572
546 565
546 557
547 577
547 573
547 566
547 624
549 576
549 572
549 565
550 565
560 620
560 615
560 610
560 604
560 599
560 594
560 589
560 584
565 566
569 574
572 577
572 573
573 575
574 576
575 576
577 624
579 611
579 605
579 601
579 595
579 591
579 585
583 591
583 585
587 589
588 596
588 592
594 601
594 595
604 620
604 615
604 610
605 611
606 608
615 616
626 627
626 673
626 682
626 703
626 696
626 689
626 647
626 642
626 633
627 676
627 672
627 679
627 700
627 695
627 636
628 630
635 647
635 642
638 660
638 655
638 640
640 651
642 644
658 663
659 660
670 673
670 679
670 700
670 695
672 676
672 684
672 704
672 697
672 716
673 674
673 705
673 698
673 693
674 675
674 705
674 698
674 693
675 684
675 704
675 697
675 716
676 679
676 700
676 695
679 684
679 700
679 695
680 711
682 684
693 695
700 703
703 716
707 712
708 709
718 724
718 768
718 785
718 779
718 772
718 751
718 746
721 724
724 726
724 778
724 771
724 750
724 745
726 728
726 750
726 745
731 732
748 750
751 761
766 784
766 778
766 771
772 789
772 784
772 778
775 777
780 786
782 784
789 790
796 801
823 832
823 852
823 845
823 837
825 830
825 849
825 844
826 827
826 853
826 846
826 864
827 829
827 847
827 842
829 830
829 847
829 842
830 844
841 858
842 844
849 864
855 856
